1 - 2829 - 1 5 8 6 3 7 2 4 
2 - 3593 - 1 6 8 3 7 4 2 5 
3 - 3789 - 1 7 4 6 8 2 5 3 
4 - 3953 - 1 7 5 8 2 4 6 3 
5 - 6946 - 2 4 6 8 3 1 7 5 
6 - 7685 - 2 5 7 4 1 8 6 3 
7 - 7721 - 2 5 7 1 3 8 6 4 
8 - 8369 - 2 6 1 7 4 8 3 5 
9 - 8626 - 2 6 8 3 1 4 7 5 
10 - 8710 - 2 7 3 6 8 5 1 4 
11 - 8993 - 2 7 5 8 1 4 6 3 
12 - 9822 - 2 8 6 1 3 5 7 4 
13 - 11325 - 3 1 7 5 8 2 4 6 
14 - 12579 - 3 5 2 8 1 7 4 6 
15 - 12586 - 3 5 2 8 6 4 7 1 
16 - 12807 - 3 5 7 1 4 2 8 6 
17 - 12861 - 3 5 8 4 1 7 2 6 
18 - 13102 - 3 6 4 1 8 5 7 2 
19 - 13150 - 3 6 4 2 8 5 7 1 
20 - 13362 - 3 6 2 5 8 1 7 4 
21 - 13393 - 3 6 2 7 5 1 8 4 
22 - 13401 - 3 6 2 7 1 4 8 5 
23 - 13618 - 3 6 8 2 4 1 7 5 
24 - 13658 - 3 6 8 1 5 7 2 4 
25 - 13677 - 3 6 8 1 4 7 5 2 
26 - 14259 - 3 7 2 8 5 1 4 6 
27 - 14266 - 3 7 2 8 6 4 1 5 
28 - 14605 - 3 8 4 7 1 6 2 5 
29 - 15467 - 4 2 5 8 6 1 3 7 
30 - 15629 - 4 2 7 5 1 8 6 3 
31 - 15682 - 4 2 7 3 6 8 1 5 
32 - 15683 - 4 2 7 3 6 8 5 1 
33 - 15759 - 4 2 8 5 7 1 3 6 
34 - 15779 - 4 2 8 6 1 3 5 7 
35 - 16902 - 4 1 5 8 6 3 7 2 
36 - 16917 - 4 1 5 8 2 7 3 6 
37 - 18155 - 4 6 1 5 2 8 3 7 
38 - 18661 - 4 6 8 2 7 1 3 5 
39 - 18717 - 4 6 8 3 1 7 5 2 
40 - 18831 - 4 7 3 8 2 5 1 6 
41 - 18938 - 4 7 1 8 5 2 6 3 
42 - 18985 - 4 7 5 3 1 6 8 2 
43 - 19040 - 4 7 5 2 6 1 3 8 
44 - 19570 - 4 8 1 3 6 2 7 5 
45 - 19601 - 4 8 1 5 7 2 6 3 
46 - 19707 - 4 8 5 3 1 7 2 6 
47 - 20347 - 5 2 4 6 8 3 1 7 
48 - 20369 - 5 2 4 7 3 8 6 1 
49 - 20559 - 5 2 6 1 7 4 8 3 
50 - 20787 - 5 2 8 1 4 7 3 6 
51 - 21191 - 5 3 1 6 8 2 4 7 
52 - 21197 - 5 3 1 7 2 8 6 4 
53 - 21494 - 5 3 8 4 7 1 6 2 
54 - 22510 - 5 1 4 6 8 2 7 3 
55 - 22923 - 5 1 8 4 2 7 3 6 
56 - 22989 - 5 1 8 6 3 7 2 4 
57 - 23909 - 5 7 4 1 3 8 6 2 
58 - 24017 - 5 7 1 4 2 8 6 3 
59 - 24043 - 5 7 1 3 8 6 4 2 
60 - 24262 - 5 7 2 4 8 1 3 6 
61 - 24302 - 5 7 2 6 3 1 4 8 
62 - 24303 - 5 7 2 6 3 1 8 4 
63 - 24625 - 5 8 4 1 3 6 2 7 
64 - 24641 - 5 8 4 1 7 2 6 3 
65 - 25739 - 6 2 7 1 4 8 5 3 
66 - 25743 - 6 2 7 1 3 5 8 4 
67 - 26240 - 6 3 5 7 1 4 2 8 
68 - 26267 - 6 3 5 8 1 4 2 7 
69 - 26357 - 6 3 1 7 5 8 2 4 
70 - 26377 - 6 3 1 8 5 2 4 7 
71 - 26394 - 6 3 1 8 4 2 7 5 
72 - 26410 - 6 3 7 4 1 8 2 5 
73 - 26489 - 6 3 7 2 4 8 1 5 
74 - 26495 - 6 3 7 2 8 5 1 4 
75 - 26858 - 6 4 2 8 5 7 1 3 
76 - 27046 - 6 4 1 5 8 2 7 3 
77 - 27182 - 6 4 7 1 3 5 2 8 
78 - 27187 - 6 4 7 1 8 2 5 3 
79 - 28390 - 6 1 5 2 8 3 7 4 
80 - 30128 - 6 8 2 4 1 7 5 3 
81 - 30454 - 7 2 4 1 8 5 3 6 
82 - 30661 - 7 2 6 3 1 4 8 5 
83 - 31510 - 7 3 1 6 8 5 2 4 
84 - 31658 - 7 3 8 2 5 1 6 4 
85 - 31845 - 7 4 2 5 8 1 3 6 
86 - 31905 - 7 4 2 8 6 1 3 5 
87 - 32483 - 7 5 3 1 6 8 2 4 
88 - 33946 - 7 1 3 8 6 4 2 5 
89 - 35511 - 8 2 4 1 7 5 3 6 
90 - 35565 - 8 2 5 3 1 7 4 6 
91 - 36670 - 8 3 1 6 2 5 7 4 
92 - 37426 - 8 4 1 3 6 2 7 5 
